test_main
[2020-01-05 21:24:25]迭代次数：1，误差：1.652e-06
[2020-01-05 21:24:25]当前旋转矩阵为：
    1.0000   -0.0002   -0.0002
    0.0002    0.9999    0.0164
    0.0002   -0.0164    0.9999

[2020-01-05 21:24:26]迭代次数：1，误差：5.7383e-06
[2020-01-05 21:24:26]当前旋转矩阵为：
    1.0000   -0.0026   -0.0018
    0.0026    0.9998    0.0218
    0.0017   -0.0218    0.9998

[2020-01-05 21:24:26]迭代次数：1，误差：9.7822e-06
[2020-01-05 21:24:26]当前旋转矩阵为：
    1.0000   -0.0046   -0.0040
    0.0047    0.9998    0.0212
    0.0039   -0.0212    0.9998

[2020-01-05 21:24:27]迭代次数：1，误差：1.4062e-05
[2020-01-05 21:24:27]当前旋转矩阵为：
    1.0000   -0.0077   -0.0064
    0.0078    0.9997    0.0245
    0.0062   -0.0246    0.9996

[2020-01-05 21:24:27]迭代次数：1，误差：1.8969e-05
[2020-01-05 21:24:27]当前旋转矩阵为：
    0.9999   -0.0095   -0.0077
    0.0097    0.9996    0.0283
    0.0075   -0.0284    0.9995

[2020-01-05 21:24:27]迭代次数：1，误差：2.4561e-05
[2020-01-05 21:24:27]当前旋转矩阵为：
    0.9999   -0.0116   -0.0094
    0.0119    0.9994    0.0327
    0.0090   -0.0328    0.9994

[2020-01-05 21:24:28]迭代次数：1，误差：3.1028e-05
[2020-01-05 21:24:28]当前旋转矩阵为：
    0.9998   -0.0135   -0.0110
    0.0139    0.9992    0.0369
    0.0105   -0.0371    0.9992

[2020-01-05 21:24:28]迭代次数：1，误差：3.8278e-05
[2020-01-05 21:24:28]当前旋转矩阵为：
    0.9998   -0.0152   -0.0129
    0.0157    0.9990    0.0410
    0.0122   -0.0412    0.9990

[2020-01-05 21:24:28]迭代次数：1，误差：4.6322e-05
[2020-01-05 21:24:28]当前旋转矩阵为：
    0.9998   -0.0172   -0.0133
    0.0178    0.9988    0.0458
    0.0125   -0.0460    0.9987

[2020-01-05 21:24:29]迭代次数：1，误差：5.5337e-05
[2020-01-05 21:24:29]当前旋转矩阵为：
    0.9997   -0.0194   -0.0151
    0.0201    0.9985    0.0502
    0.0141   -0.0505    0.9984

[2020-01-05 21:24:29]迭代次数：1，误差：6.4934e-05
[2020-01-05 21:24:29]当前旋转矩阵为：
    0.9996   -0.0216   -0.0165
    0.0224    0.9983    0.0537
    0.0153   -0.0541    0.9982

[2020-01-05 21:24:29]迭代次数：1，误差：7.5207e-05
[2020-01-05 21:24:29]当前旋转矩阵为：
    0.9995   -0.0246   -0.0187
    0.0256    0.9981    0.0561
    0.0173   -0.0565    0.9979

[2020-01-05 21:24:30]迭代次数：1，误差：8.574e-05
[2020-01-05 21:24:30]当前旋转矩阵为：
    0.9994   -0.0266   -0.0199
    0.0278    0.9978    0.0599
    0.0183   -0.0604    0.9976

[2020-01-05 21:24:30]迭代次数：1，误差：9.7213e-05
[2020-01-05 21:24:30]当前旋转矩阵为：
    0.9994   -0.0283   -0.0212
    0.0297    0.9974    0.0650
    0.0193   -0.0656    0.9972

[2020-01-05 21:24:31]迭代次数：1，误差：0.00010954
[2020-01-05 21:24:31]当前旋转矩阵为：
    0.9993   -0.0298   -0.0233
    0.0314    0.9971    0.0700
    0.0212   -0.0707    0.9968

[2020-01-05 21:24:31]迭代次数：1，误差：0.00012278
[2020-01-05 21:24:31]当前旋转矩阵为：
    0.9992   -0.0322   -0.0239
    0.0339    0.9966    0.0753
    0.0214   -0.0761    0.9963

[2020-01-05 21:24:31]迭代次数：1，误差：0.00013677
[2020-01-05 21:24:31]当前旋转矩阵为：
    0.9991   -0.0338   -0.0265
    0.0358    0.9963    0.0779
    0.0237   -0.0788    0.9960

[2020-01-05 21:24:32]迭代次数：1，误差：0.00015126
[2020-01-05 21:24:32]当前旋转矩阵为：
    0.9990   -0.0364   -0.0268
    0.0385    0.9960    0.0812
    0.0237   -0.0822    0.9956

[2020-01-05 21:24:32]迭代次数：1，误差：0.00016634
[2020-01-05 21:24:32]当前旋转矩阵为：
    0.9988   -0.0384   -0.0288
    0.0407    0.9955    0.0851
    0.0255   -0.0862    0.9952

[2020-01-05 21:24:32]迭代次数：1，误差：0.00018195
[2020-01-05 21:24:32]当前旋转矩阵为：
    0.9987   -0.0409   -0.0300
    0.0433    0.9953    0.0863
    0.0263   -0.0875    0.9949

[2020-01-05 21:24:33]迭代次数：1，误差：0.00019762
[2020-01-05 21:24:33]当前旋转矩阵为：
    0.9985   -0.0437   -0.0325
    0.0465    0.9950    0.0889
    0.0285   -0.0903    0.9945

[2020-01-05 21:24:33]迭代次数：1，误差：0.00021381
[2020-01-05 21:24:33]当前旋转矩阵为：
    0.9984   -0.0454   -0.0333
    0.0483    0.9946    0.0916
    0.0290   -0.0931    0.9941

[2020-01-05 21:24:33]迭代次数：1，误差：0.00023022
[2020-01-05 21:24:33]当前旋转矩阵为：
    0.9982   -0.0483   -0.0343
    0.0513    0.9943    0.0935
    0.0295   -0.0951    0.9938

[2020-01-05 21:24:34]迭代次数：1，误差：0.00024691
[2020-01-05 21:24:34]当前旋转矩阵为：
    0.9981   -0.0505   -0.0349
    0.0536    0.9941    0.0940
    0.0300   -0.0957    0.9936

[2020-01-05 21:24:34]迭代次数：1，误差：0.0002636
[2020-01-05 21:24:34]当前旋转矩阵为：
    0.9980   -0.0522   -0.0368
    0.0555    0.9939    0.0949
    0.0316   -0.0967    0.9934

[2020-01-05 21:24:34]迭代次数：1，误差：0.00028041
[2020-01-05 21:24:34]当前旋转矩阵为：
    0.9978   -0.0523   -0.0400
    0.0559    0.9939    0.0946
    0.0348   -0.0966    0.9932

[2020-01-05 21:24:35]迭代次数：1，误差：0.00029702
[2020-01-05 21:24:35]当前旋转矩阵为：
    0.9976   -0.0537   -0.0429
    0.0576    0.9939    0.0938
    0.0376   -0.0960    0.9931

[2020-01-05 21:24:35]迭代次数：1，误差：0.00031376
[2020-01-05 21:24:35]当前旋转矩阵为：
    0.9975   -0.0552   -0.0441
    0.0592    0.9936    0.0962
    0.0385   -0.0986    0.9927

[2020-01-05 21:24:36]迭代次数：1，误差：0.00033091
[2020-01-05 21:24:36]当前旋转矩阵为：
    0.9974   -0.0564   -0.0437
    0.0606    0.9931    0.1001
    0.0378   -0.1025    0.9923

[2020-01-05 21:24:36]迭代次数：1，误差：0.00034845
[2020-01-05 21:24:36]当前旋转矩阵为：
    0.9973   -0.0586   -0.0440
    0.0628    0.9929    0.1014
    0.0377   -0.1039    0.9920

[2020-01-05 21:24:36]迭代次数：1，误差：0.00036625
[2020-01-05 21:24:36]当前旋转矩阵为：
    0.9972   -0.0604   -0.0441
    0.0647    0.9925    0.1038
    0.0374   -0.1064    0.9917

[2020-01-05 21:24:37]迭代次数：1，误差：0.00038466
[2020-01-05 21:24:37]当前旋转矩阵为：
    0.9972   -0.0613   -0.0429
    0.0656    0.9921    0.1072
    0.0360   -0.1098    0.9913

[2020-01-05 21:24:37]迭代次数：1，误差：0.00040336
[2020-01-05 21:24:37]当前旋转矩阵为：
    0.9971   -0.0629   -0.0437
    0.0673    0.9918    0.1088
    0.0365   -0.1114    0.9910

[2020-01-05 21:24:37]迭代次数：1，误差：0.00042225
[2020-01-05 21:24:37]当前旋转矩阵为：
    0.9970   -0.0645   -0.0440
    0.0690    0.9914    0.1114
    0.0364   -0.1141    0.9906

[2020-01-05 21:24:38]迭代次数：1，误差：0.00044149
[2020-01-05 21:24:38]当前旋转矩阵为：
    0.9969   -0.0652   -0.0435
    0.0697    0.9912    0.1121
    0.0358   -0.1148    0.9905

[2020-01-05 21:24:38]迭代次数：1，误差：0.00046083
[2020-01-05 21:24:38]当前旋转矩阵为：
    0.9968   -0.0666   -0.0438
    0.0712    0.9911    0.1128
    0.0359   -0.1156    0.9903

[2020-01-05 21:24:38]迭代次数：1，误差：0.00048017
[2020-01-05 21:24:38]当前旋转矩阵为：
    0.9969   -0.0668   -0.0426
    0.0713    0.9910    0.1132
    0.0346   -0.1159    0.9903

[2020-01-05 21:24:39]迭代次数：1，误差：0.00049942
[2020-01-05 21:24:39]当前旋转矩阵为：
    0.9969   -0.0679   -0.0406
    0.0722    0.9909    0.1136
    0.0326   -0.1162    0.9902

[2020-01-05 21:24:39]迭代次数：1，误差：0.00051876
[2020-01-05 21:24:39]当前旋转矩阵为：
    0.9969   -0.0676   -0.0390
    0.0716    0.9910    0.1131
    0.0310   -0.1155    0.9904

[2020-01-05 21:24:39]迭代次数：1，误差：0.00053754
[2020-01-05 21:24:39]当前旋转矩阵为：
    0.9972   -0.0660   -0.0358
    0.0695    0.9917    0.1080
    0.0283   -0.1102    0.9912

[2020-01-05 21:24:40]迭代次数：1，误差：0.0005553
[2020-01-05 21:24:40]当前旋转矩阵为：
    0.9975   -0.0631   -0.0313
    0.0661    0.9924    0.1038
    0.0245   -0.1056    0.9920

[2020-01-05 21:24:40]迭代次数：1，误差：0.00057264
[2020-01-05 21:24:40]当前旋转矩阵为：
    0.9977   -0.0618   -0.0278
    0.0643    0.9925    0.1042
    0.0212   -0.1057    0.9922

[2020-01-05 21:24:40]迭代次数：1，误差：0.00059018
[2020-01-05 21:24:40]当前旋转矩阵为：
    0.9978   -0.0613   -0.0258
    0.0637    0.9922    0.1072
    0.0190   -0.1086    0.9919

[2020-01-05 21:24:41]迭代次数：1，误差：0.00060767
[2020-01-05 21:24:41]当前旋转矩阵为：
    0.9980   -0.0582   -0.0244
    0.0604    0.9928    0.1036
    0.0182   -0.1048    0.9926

[2020-01-05 21:24:41]迭代次数：1，误差：0.00062471
[2020-01-05 21:24:41]当前旋转矩阵为：
    0.9981   -0.0572   -0.0221
    0.0592    0.9931    0.1013
    0.0161   -0.1024    0.9929

[2020-01-05 21:24:41]迭代次数：1，误差：0.00064139
[2020-01-05 21:24:41]当前旋转矩阵为：
    0.9981   -0.0579   -0.0220
    0.0598    0.9930    0.1019
    0.0160   -0.1030    0.9928

[2020-01-05 21:24:42]迭代次数：1，误差：0.00065819
[2020-01-05 21:24:42]当前旋转矩阵为：
    0.9981   -0.0579   -0.0203
    0.0597    0.9929    0.1030
    0.0142   -0.1040    0.9927

[2020-01-05 21:24:42]迭代次数：1，误差：0.00067515
[2020-01-05 21:24:42]当前旋转矩阵为：
    0.9983   -0.0562   -0.0169
    0.0576    0.9930    0.1027
    0.0110   -0.1035    0.9929

[2020-01-05 21:24:43]迭代次数：1，误差：0.00069216
[2020-01-05 21:24:43]当前旋转矩阵为：
    0.9984   -0.0548   -0.0154
    0.0562    0.9930    0.1043
    0.0095   -0.1050    0.9929

[2020-01-05 21:24:43]迭代次数：1，误差：0.00070933
[2020-01-05 21:24:43]当前旋转矩阵为：
    0.9985   -0.0536   -0.0139
    0.0548    0.9930    0.1049
    0.0082   -0.1055    0.9929

[2020-01-05 21:24:43]迭代次数：1，误差：0.00072671
[2020-01-05 21:24:43]当前旋转矩阵为：
    0.9985   -0.0536   -0.0128
    0.0547    0.9928    0.1063
    0.0071   -0.1068    0.9928

[2020-01-05 21:24:44]迭代次数：1，误差：0.00074454
[2020-01-05 21:24:44]当前旋转矩阵为：
    0.9984   -0.0544   -0.0128
    0.0555    0.9923    0.1111
    0.0067   -0.1116    0.9922

[2020-01-05 21:24:44]迭代次数：1，误差：0.00076307
[2020-01-05 21:24:44]当前旋转矩阵为：
    0.9984   -0.0548   -0.0127
    0.0558    0.9920    0.1128
    0.0064   -0.1133    0.9920

[2020-01-05 21:24:44]迭代次数：1，误差：0.00078182
[2020-01-05 21:24:44]当前旋转矩阵为：
    0.9984   -0.0548   -0.0117
    0.0557    0.9918    0.1153
    0.0053   -0.1158    0.9917

[2020-01-05 21:24:45]迭代次数：1，误差：0.00080115
[2020-01-05 21:24:45]当前旋转矩阵为：
    0.9985   -0.0541   -0.0119
    0.0551    0.9915    0.1176
    0.0055   -0.1181    0.9915

[2020-01-05 21:24:45]迭代次数：1，误差：0.00082056
[2020-01-05 21:24:45]当前旋转矩阵为：
    0.9985   -0.0529   -0.0114
    0.0538    0.9916    0.1175
    0.0051   -0.1180    0.9916

[2020-01-05 21:24:45]迭代次数：1，误差：0.00084012
[2020-01-05 21:24:45]当前旋转矩阵为：
    0.9986   -0.0520   -0.0093
    0.0527    0.9914    0.1197
    0.0030   -0.1200    0.9914

[2020-01-05 21:24:46]迭代次数：1，误差：0.00085976
[2020-01-05 21:24:46]当前旋转矩阵为：
    0.9987   -0.0505   -0.0086
    0.0512    0.9915    0.1198
    0.0025   -0.1200    0.9915

[2020-01-05 21:24:46]迭代次数：1，误差：0.00087914
[2020-01-05 21:24:46]当前旋转矩阵为：
    0.9987   -0.0500   -0.0084
    0.0506    0.9915    0.1198
    0.0023   -0.1201    0.9915

[2020-01-05 21:24:46]迭代次数：1，误差：0.00089868
[2020-01-05 21:24:46]当前旋转矩阵为：
    0.9987   -0.0505   -0.0078
    0.0510    0.9913    0.1213
    0.0016   -0.1215    0.9913

[2020-01-05 21:24:47]迭代次数：1，误差：0.00091861
[2020-01-05 21:24:47]当前旋转矩阵为：
    0.9987   -0.0499   -0.0073
    0.0504    0.9911    0.1230
    0.0011   -0.1232    0.9911

[2020-01-05 21:24:47]迭代次数：1，误差：0.0009387
[2020-01-05 21:24:47]当前旋转矩阵为：
    0.9988   -0.0488   -0.0045
    0.0490    0.9910    0.1244
   -0.0016   -0.1244    0.9910

[2020-01-05 21:24:47]迭代次数：1，误差：0.00095875
[2020-01-05 21:24:47]当前旋转矩阵为：
    0.9989   -0.0468   -0.0026
    0.0468    0.9912    0.1239
   -0.0033   -0.1239    0.9912

[2020-01-05 21:24:48]迭代次数：1，误差：0.00097876
[2020-01-05 21:24:48]当前旋转矩阵为：
    0.9989   -0.0468   -0.0013
    0.0466    0.9912    0.1237
   -0.0045   -0.1237    0.9912

[2020-01-05 21:24:48]迭代次数：1，误差：0.00099866
[2020-01-05 21:24:48]当前旋转矩阵为：
    0.9989   -0.0459    0.0017
    0.0453    0.9913    0.1234
   -0.0074   -0.1232    0.9913

[2020-01-05 21:24:48]迭代次数：1，误差：0.0010185
[2020-01-05 21:24:48]当前旋转矩阵为：
    0.9989   -0.0464    0.0026
    0.0457    0.9912    0.1240
   -0.0083   -0.1238    0.9912

[2020-01-05 21:24:49]迭代次数：1，误差：0.0010383
[2020-01-05 21:24:49]当前旋转矩阵为：
    0.9990   -0.0437    0.0059
    0.0426    0.9914    0.1234
   -0.0113   -0.1231    0.9914

[2020-01-05 21:24:49]迭代次数：1，误差：0.0010581
[2020-01-05 21:24:49]当前旋转矩阵为：
    0.9990   -0.0429    0.0084
    0.0415    0.9914    0.1241
   -0.0137   -0.1237    0.9913

[2020-01-05 21:24:49]迭代次数：1，误差：0.001078
[2020-01-05 21:24:49]当前旋转矩阵为：
    0.9991   -0.0403    0.0093
    0.0388    0.9916    0.1237
   -0.0142   -0.1232    0.9915

[2020-01-05 21:24:50]迭代次数：1，误差：0.0010977
[2020-01-05 21:24:50]当前旋转矩阵为：
    0.9991   -0.0402    0.0132
    0.0383    0.9914    0.1248
   -0.0181   -0.1242    0.9913

[2020-01-05 21:24:50]迭代次数：1，误差：0.0011174
[2020-01-05 21:24:50]当前旋转矩阵为：
    0.9992   -0.0379    0.0138
    0.0359    0.9917    0.1236
   -0.0184   -0.1230    0.9916

[2020-01-05 21:24:51]迭代次数：1，误差：0.0011373
[2020-01-05 21:24:51]当前旋转矩阵为：
    0.9992   -0.0379    0.0135
    0.0359    0.9913    0.1269
   -0.0182   -0.1263    0.9911

[2020-01-05 21:24:51]迭代次数：1，误差：0.0011576
[2020-01-05 21:24:51]当前旋转矩阵为：
    0.9992   -0.0379    0.0138
    0.0358    0.9910    0.1291
   -0.0185   -0.1285    0.9909

[2020-01-05 21:24:51]迭代次数：1，误差：0.0011783
[2020-01-05 21:24:51]当前旋转矩阵为：
    0.9992   -0.0372    0.0151
    0.0349    0.9906    0.1324
   -0.0199   -0.1317    0.9904

[2020-01-05 21:24:52]迭代次数：1，误差：0.0011996
[2020-01-05 21:24:52]当前旋转矩阵为：
    0.9992   -0.0375    0.0150
    0.0351    0.9901    0.1360
   -0.0200   -0.1354    0.9899

[2020-01-05 21:24:52]迭代次数：1，误差：0.0012213
[2020-01-05 21:24:52]当前旋转矩阵为：
    0.9992   -0.0383    0.0149
    0.0359    0.9897    0.1386
   -0.0201   -0.1379    0.9896

[2020-01-05 21:24:52]迭代次数：1，误差：0.0012434
[2020-01-05 21:24:52]当前旋转矩阵为：
    0.9992   -0.0375    0.0162
    0.0348    0.9893    0.1414
   -0.0214   -0.1407    0.9892

[2020-01-05 21:24:53]迭代次数：1，误差：0.0012657
[2020-01-05 21:24:53]当前旋转矩阵为：
    0.9992   -0.0376    0.0156
    0.0349    0.9891    0.1432
   -0.0208   -0.1425    0.9889

[2020-01-05 21:24:53]迭代次数：1，误差：0.0012883
[2020-01-05 21:24:53]当前旋转矩阵为：
    0.9992   -0.0363    0.0165
    0.0335    0.9890    0.1441
   -0.0216   -0.1434    0.9888

[2020-01-05 21:24:53]迭代次数：1，误差：0.0013111
[2020-01-05 21:24:53]当前旋转矩阵为：
    0.9992   -0.0357    0.0181
    0.0327    0.9887    0.1463
   -0.0232   -0.1456    0.9885

[2020-01-05 21:24:54]迭代次数：1，误差：0.0013339
[2020-01-05 21:24:54]当前旋转矩阵为：
    0.9993   -0.0332    0.0176
    0.0303    0.9889    0.1458
   -0.0223   -0.1452    0.9887

[2020-01-05 21:24:54]迭代次数：1，误差：0.0013567
[2020-01-05 21:24:54]当前旋转矩阵为：
    0.9993   -0.0323    0.0191
    0.0291    0.9888    0.1464
   -0.0236   -0.1457    0.9886

[2020-01-05 21:24:54]迭代次数：1，误差：0.0013795
[2020-01-05 21:24:54]当前旋转矩阵为：
    0.9993   -0.0318    0.0203
    0.0285    0.9887    0.1470
   -0.0247   -0.1463    0.9885

[2020-01-05 21:24:55]迭代次数：1，误差：0.0014023
[2020-01-05 21:24:55]当前旋转矩阵为：
    0.9993   -0.0306    0.0219
    0.0270    0.9886    0.1478
   -0.0261   -0.1471    0.9884

[2020-01-05 21:24:55]迭代次数：1，误差：0.001425
[2020-01-05 21:24:55]当前旋转矩阵为：
    0.9993   -0.0287    0.0221
    0.0252    0.9888    0.1473
   -0.0261   -0.1466    0.9885

[2020-01-05 21:24:55]迭代次数：1，误差：0.0014473
[2020-01-05 21:24:55]当前旋转矩阵为：
    0.9994   -0.0270    0.0232
    0.0234    0.9894    0.1434
   -0.0268   -0.1428    0.9891

[2020-01-05 21:24:56]迭代次数：1，误差：0.0014693
[2020-01-05 21:24:56]当前旋转矩阵为：
    0.9994   -0.0257    0.0233
    0.0221    0.9897    0.1416
   -0.0267   -0.1410    0.9894

[2020-01-05 21:24:56]迭代次数：1，误差：0.0014906
[2020-01-05 21:24:56]当前旋转矩阵为：
    0.9994   -0.0240    0.0255
    0.0202    0.9900    0.1394
   -0.0285   -0.1388    0.9897

[2020-01-05 21:24:57]迭代次数：1，误差：0.0015116
[2020-01-05 21:24:57]当前旋转矩阵为：
    0.9994   -0.0237    0.0268
    0.0197    0.9902    0.1383
   -0.0298   -0.1376    0.9898

[2020-01-05 21:24:57]迭代次数：1，误差：0.0015325
[2020-01-05 21:24:57]当前旋转矩阵为：
    0.9994   -0.0206    0.0288
    0.0164    0.9903    0.1376
   -0.0314   -0.1371    0.9899

[2020-01-05 21:24:57]迭代次数：1，误差：0.0015533
[2020-01-05 21:24:57]当前旋转矩阵为：
    0.9994   -0.0190    0.0295
    0.0148    0.9904    0.1373
   -0.0318   -0.1368    0.9899

[2020-01-05 21:24:58]迭代次数：1，误差：0.0015741
[2020-01-05 21:24:58]当前旋转矩阵为：
    0.9994   -0.0182    0.0289
    0.0141    0.9903    0.1381
   -0.0312   -0.1376    0.9899

[2020-01-05 21:24:58]迭代次数：1，误差：0.0015951
[2020-01-05 21:24:58]当前旋转矩阵为：
    0.9994   -0.0192    0.0287
    0.0150    0.9900    0.1401
   -0.0311   -0.1396    0.9896

[2020-01-05 21:24:58]迭代次数：1，误差：0.0016162
[2020-01-05 21:24:58]当前旋转矩阵为：
    0.9994   -0.0186    0.0283
    0.0144    0.9899    0.1407
   -0.0307   -0.1402    0.9895

[2020-01-05 21:24:59]迭代次数：1，误差：0.0016372
[2020-01-05 21:24:59]当前旋转矩阵为：
    0.9995   -0.0168    0.0286
    0.0127    0.9902    0.1389
   -0.0306   -0.1385    0.9898

[2020-01-05 21:24:59]迭代次数：1，误差：0.0016581
[2020-01-05 21:24:59]当前旋转矩阵为：
    0.9995   -0.0168    0.0282
    0.0127    0.9901    0.1400
   -0.0303   -0.1396    0.9896

[2020-01-05 21:24:59]迭代次数：1，误差：0.001679
[2020-01-05 21:24:59]当前旋转矩阵为：
    0.9994   -0.0164    0.0291
    0.0121    0.9901    0.1395
   -0.0311   -0.1391    0.9897

[2020-01-05 21:25:00]迭代次数：1，误差：0.0016999
[2020-01-05 21:25:00]当前旋转矩阵为：
    0.9994   -0.0164    0.0291
    0.0121    0.9899    0.1410
   -0.0312   -0.1405    0.9895

[2020-01-05 21:25:00]迭代次数：1，误差：0.001721
[2020-01-05 21:25:00]当前旋转矩阵为：
    0.9994   -0.0165    0.0298
    0.0120    0.9896    0.1434
   -0.0318   -0.1429    0.9891

[2020-01-05 21:25:00]迭代次数：1，误差：0.0017423
[2020-01-05 21:25:00]当前旋转矩阵为：
    0.9994   -0.0150    0.0306
    0.0105    0.9897    0.1425
   -0.0325   -0.1421    0.9892

[2020-01-05 21:25:01]迭代次数：1，误差：0.0017633
[2020-01-05 21:25:01]当前旋转矩阵为：
    0.9994   -0.0157    0.0320
    0.0110    0.9897    0.1428
   -0.0339   -0.1424    0.9891

[2020-01-05 21:25:01]迭代次数：1，误差：0.0017844
[2020-01-05 21:25:01]当前旋转矩阵为：
    0.9993   -0.0165    0.0333
    0.0115    0.9896    0.1435
   -0.0353   -0.1430    0.9890

[2020-01-05 21:25:02]迭代次数：1，误差：0.0018053
[2020-01-05 21:25:02]当前旋转矩阵为：
    0.9993   -0.0144    0.0348
    0.0093    0.9899    0.1412
   -0.0365   -0.1407    0.9893

[2020-01-05 21:25:02]迭代次数：1，误差：0.001826
[2020-01-05 21:25:02]当前旋转矩阵为：
    0.9992   -0.0144    0.0360
    0.0092    0.9900    0.1409
   -0.0376   -0.1405    0.9893

[2020-01-05 21:25:02]迭代次数：1，误差：0.0018466
[2020-01-05 21:25:02]当前旋转矩阵为：
    0.9992   -0.0137    0.0383
    0.0081    0.9899    0.1412
   -0.0398   -0.1408    0.9892

[2020-01-05 21:25:03]迭代次数：1，误差：0.0018672
[2020-01-05 21:25:03]当前旋转矩阵为：
    0.9991   -0.0127    0.0397
    0.0070    0.9901    0.1405
   -0.0411   -0.1401    0.9892

[2020-01-05 21:25:03]迭代次数：1，误差：0.0018875
[2020-01-05 21:25:03]当前旋转矩阵为：
    0.9992   -0.0113    0.0395
    0.0057    0.9903    0.1388
   -0.0407   -0.1385    0.9895

[2020-01-05 21:25:03]迭代次数：1，误差：0.0019078
[2020-01-05 21:25:03]当前旋转矩阵为：
    0.9992   -0.0107    0.0387
    0.0051    0.9901    0.1402
   -0.0398   -0.1399    0.9893

[2020-01-05 21:25:04]迭代次数：1，误差：0.0019282
[2020-01-05 21:25:04]当前旋转矩阵为：
    0.9992   -0.0115    0.0386
    0.0059    0.9900    0.1408
   -0.0398   -0.1404    0.9893

[2020-01-05 21:25:04]迭代次数：1，误差：0.0019486
[2020-01-05 21:25:04]当前旋转矩阵为：
    0.9992   -0.0116    0.0392
    0.0059    0.9900    0.1407
   -0.0404   -0.1404    0.9892

[2020-01-05 21:25:04]迭代次数：1，误差：0.001969
[2020-01-05 21:25:04]当前旋转矩阵为：
    0.9992   -0.0109    0.0390
    0.0054    0.9901    0.1405
   -0.0402   -0.1401    0.9893

[2020-01-05 21:25:05]迭代次数：1，误差：0.0019891
[2020-01-05 21:25:05]当前旋转矩阵为：
    0.9992   -0.0106    0.0377
    0.0053    0.9902    0.1392
   -0.0388   -0.1389    0.9895

[2020-01-05 21:25:05]迭代次数：1，误差：0.0020091
[2020-01-05 21:25:05]当前旋转矩阵为：
    0.9993   -0.0105    0.0372
    0.0052    0.9902    0.1395
   -0.0383   -0.1392    0.9895

[2020-01-05 21:25:05]迭代次数：1，误差：0.0020291
[2020-01-05 21:25:05]当前旋转矩阵为：
    0.9992   -0.0115    0.0374
    0.0062    0.9902    0.1393
   -0.0387   -0.1390    0.9895

[2020-01-05 21:25:06]迭代次数：1，误差：0.002049
[2020-01-05 21:25:06]当前旋转矩阵为：
    0.9992   -0.0117    0.0387
    0.0062    0.9904    0.1383
   -0.0399   -0.1380    0.9896

[2020-01-05 21:25:06]迭代次数：1，误差：0.0020686
[2020-01-05 21:25:06]当前旋转矩阵为：
    0.9993   -0.0106    0.0370
    0.0055    0.9907    0.1362
   -0.0381   -0.1359    0.9900

[2020-01-05 21:25:06]迭代次数：1，误差：0.002088
[2020-01-05 21:25:06]当前旋转矩阵为：
    0.9993   -0.0099    0.0362
    0.0048    0.9905    0.1374
   -0.0372   -0.1372    0.9898

[2020-01-05 21:25:07]迭代次数：1，误差：0.0021073
[2020-01-05 21:25:07]当前旋转矩阵为：
    0.9993   -0.0092    0.0361
    0.0042    0.9908    0.1352
   -0.0370   -0.1350    0.9901

[2020-01-05 21:25:07]迭代次数：1，误差：0.0021261
[2020-01-05 21:25:07]当前旋转矩阵为：
    0.9993   -0.0097    0.0372
    0.0047    0.9913    0.1312
   -0.0381   -0.1310    0.9906

[2020-01-05 21:25:07]迭代次数：1，误差：0.0021446
[2020-01-05 21:25:07]当前旋转矩阵为：
    0.9992   -0.0106    0.0372
    0.0057    0.9915    0.1303
   -0.0383   -0.1300    0.9907

[2020-01-05 21:25:08]迭代次数：1，误差：0.0021626
[2020-01-05 21:25:08]当前旋转矩阵为：
    0.9993   -0.0086    0.0360
    0.0040    0.9920    0.1259
   -0.0368   -0.1257    0.9914

[2020-01-05 21:25:08]迭代次数：1，误差：0.0021798
[2020-01-05 21:25:08]当前旋转矩阵为：
    0.9994   -0.0080    0.0349
    0.0037    0.9926    0.1211
   -0.0356   -0.1209    0.9920

[2020-01-05 21:25:08]迭代次数：1，误差：0.0021964
[2020-01-05 21:25:08]当前旋转矩阵为：
    0.9994   -0.0068    0.0347
    0.0027    0.9930    0.1185
   -0.0353   -0.1183    0.9923

[2020-01-05 21:25:09]迭代次数：1，误差：0.0022126
[2020-01-05 21:25:09]当前旋转矩阵为：
    0.9994   -0.0057    0.0339
    0.0018    0.9934    0.1147
   -0.0343   -0.1145    0.9928

[2020-01-05 21:25:09]迭代次数：1，误差：0.0022284
[2020-01-05 21:25:09]当前旋转矩阵为：
    0.9995   -0.0048    0.0328
    0.0010    0.9937    0.1124
   -0.0331   -0.1123    0.9931

[2020-01-05 21:25:10]迭代次数：1，误差：0.0022438
[2020-01-05 21:25:10]当前旋转矩阵为：
    0.9995   -0.0038    0.0315
    0.0003    0.9940    0.1096
   -0.0317   -0.1095    0.9935

[2020-01-05 21:25:10]迭代次数：1，误差：0.0022588
[2020-01-05 21:25:10]当前旋转矩阵为：
    0.9995   -0.0048    0.0317
    0.0014    0.9942    0.1079
   -0.0321   -0.1078    0.9937

[2020-01-05 21:25:10]迭代次数：1，误差：0.0022735
[2020-01-05 21:25:10]当前旋转矩阵为：
    0.9995   -0.0034    0.0298
    0.0002    0.9944    0.1053
   -0.0300   -0.1053    0.9940

[2020-01-05 21:25:11]迭代次数：1，误差：0.0022878
[2020-01-05 21:25:11]当前旋转矩阵为：
    0.9996   -0.0019    0.0290
   -0.0011    0.9946    0.1042
   -0.0290   -0.1042    0.9941

[2020-01-05 21:25:11]迭代次数：1，误差：0.002302
[2020-01-05 21:25:11]当前旋转矩阵为：
    0.9996   -0.0010    0.0285
   -0.0019    0.9947    0.1024
   -0.0285   -0.1024    0.9943

[2020-01-05 21:25:11]迭代次数：1，误差：0.0023158
[2020-01-05 21:25:11]当前旋转矩阵为：
    0.9996   -0.0007    0.0270
   -0.0020    0.9950    0.0999
   -0.0270   -0.0999    0.9946

[2020-01-05 21:25:12]迭代次数：1，误差：0.0023295
[2020-01-05 21:25:12]当前旋转矩阵为：
    0.9996   -0.0016    0.0271
   -0.0011    0.9951    0.0990
   -0.0271   -0.0990    0.9947

[2020-01-05 21:25:12]迭代次数：1，误差：0.002343
[2020-01-05 21:25:12]当前旋转矩阵为：
    0.9996   -0.0022    0.0271
   -0.0005    0.9952    0.0983
   -0.0271   -0.0983    0.9948

[2020-01-05 21:25:12]迭代次数：1，误差：0.0023561
[2020-01-05 21:25:12]当前旋转矩阵为：
    0.9997   -0.0013    0.0260
   -0.0012    0.9954    0.0954
   -0.0260   -0.0954    0.9951

[2020-01-05 21:25:13]迭代次数：1，误差：0.002369
[2020-01-05 21:25:13]当前旋转矩阵为：
    0.9996   -0.0003    0.0267
   -0.0021    0.9957    0.0927
   -0.0267   -0.0927    0.9953

[2020-01-05 21:25:13]迭代次数：1，误差：0.0023814
[2020-01-05 21:25:13]当前旋转矩阵为：
    0.9997   -0.0007    0.0259
   -0.0016    0.9958    0.0912
   -0.0259   -0.0912    0.9955

[2020-01-05 21:25:13]迭代次数：1，误差：0.0023937
[2020-01-05 21:25:13]当前旋转矩阵为：
    0.9996   -0.0015    0.0268
   -0.0009    0.9960    0.0890
   -0.0269   -0.0890    0.9957

[2020-01-05 21:25:14]迭代次数：1，误差：0.0024056
[2020-01-05 21:25:14]当前旋转矩阵为：
    0.9996   -0.0015    0.0270
   -0.0009    0.9963    0.0861
   -0.0270   -0.0861    0.9959

[2020-01-05 21:25:14]迭代次数：1，误差：0.0024171
[2020-01-05 21:25:14]当前旋转矩阵为：
    0.9997   -0.0006    0.0262
   -0.0016    0.9964    0.0844
   -0.0262   -0.0844    0.9961

[2020-01-05 21:25:14]迭代次数：1，误差：0.0024283
[2020-01-05 21:25:14]当前旋转矩阵为：
    0.9996   -0.0014    0.0265
   -0.0008    0.9966    0.0826
   -0.0265   -0.0826    0.9962

[2020-01-05 21:25:15]迭代次数：1，误差：0.0024393
[2020-01-05 21:25:15]当前旋转矩阵为：
    0.9997   -0.0013    0.0261
   -0.0008    0.9968    0.0797
   -0.0261   -0.0797    0.9965

[2020-01-05 21:25:15]迭代次数：1，误差：0.0024498
[2020-01-05 21:25:15]当前旋转矩阵为：
    0.9996   -0.0020    0.0275
   -0.0001    0.9970    0.0770
   -0.0276   -0.0769    0.9967

[2020-01-05 21:25:15]迭代次数：1，误差：0.0024599
[2020-01-05 21:25:15]当前旋转矩阵为：
    0.9996   -0.0017    0.0275
   -0.0004    0.9973    0.0738
   -0.0276   -0.0738    0.9969

[2020-01-05 21:25:16]迭代次数：1，误差：0.0024696
[2020-01-05 21:25:16]当前旋转矩阵为：
    0.9996   -0.0014    0.0264
   -0.0005    0.9975    0.0708
   -0.0265   -0.0708    0.9971

[2020-01-05 21:25:16]迭代次数：1，误差：0.0024789
[2020-01-05 21:25:16]当前旋转矩阵为：
    0.9997   -0.0016    0.0259
   -0.0002    0.9976    0.0693
   -0.0260   -0.0693    0.9973

[2020-01-05 21:25:16]迭代次数：1，误差：0.0024878
[2020-01-05 21:25:16]当前旋转矩阵为：
    0.9997   -0.0015    0.0249
   -0.0001    0.9979    0.0649
   -0.0249   -0.0649    0.9976

[2020-01-05 21:25:17]迭代次数：1，误差：0.0024964
[2020-01-05 21:25:17]当前旋转矩阵为：
    0.9997   -0.0004    0.0239
   -0.0011    0.9981    0.0619
   -0.0239   -0.0620    0.9978

[2020-01-05 21:25:17]迭代次数：1，误差：0.0025045
[2020-01-05 21:25:17]当前旋转矩阵为：
    0.9997   -0.0005    0.0243
   -0.0009    0.9982    0.0596
   -0.0243   -0.0597    0.9979

[2020-01-05 21:25:18]迭代次数：1，误差：0.0025125
[2020-01-05 21:25:18]当前旋转矩阵为：
    0.9997   -0.0013    0.0237
   -0.0001    0.9983    0.0591
   -0.0237   -0.0591    0.9980

[2020-01-05 21:25:18]迭代次数：1，误差：0.0025201
[2020-01-05 21:25:18]当前旋转矩阵为：
    0.9998    0.0002    0.0223
   -0.0014    0.9985    0.0547
   -0.0223   -0.0547    0.9983

[2020-01-05 21:25:18]迭代次数：1，误差：0.0025271
[2020-01-05 21:25:18]当前旋转矩阵为：
    0.9998    0.0008    0.0218
   -0.0019    0.9987    0.0518
   -0.0217   -0.0518    0.9984

[2020-01-05 21:25:19]迭代次数：1，误差：0.0025338
[2020-01-05 21:25:19]当前旋转矩阵为：
    0.9998    0.0011    0.0204
   -0.0021    0.9988    0.0494
   -0.0204   -0.0494    0.9986

[2020-01-05 21:25:19]迭代次数：1，误差：0.0025401
[2020-01-05 21:25:19]当前旋转矩阵为：
    0.9998    0.0006    0.0200
   -0.0016    0.9989    0.0460
   -0.0199   -0.0460    0.9987

[2020-01-05 21:25:19]迭代次数：1，误差：0.0025462
[2020-01-05 21:25:19]当前旋转矩阵为：
    0.9998    0.0014    0.0200
   -0.0023    0.9990    0.0437
   -0.0199   -0.0437    0.9988

[2020-01-05 21:25:20]迭代次数：1，误差：0.002552
[2020-01-05 21:25:20]当前旋转矩阵为：
    0.9998    0.0011    0.0211
   -0.0020    0.9991    0.0428
   -0.0211   -0.0428    0.9989

[2020-01-05 21:25:20]迭代次数：1，误差：0.0025575
[2020-01-05 21:25:20]当前旋转矩阵为：
    0.9998    0.0006    0.0200
   -0.0015    0.9992    0.0403
   -0.0199   -0.0403    0.9990

[2020-01-05 21:25:20]迭代次数：1，误差：0.0025627
[2020-01-05 21:25:20]当前旋转矩阵为：
    0.9998    0.0012    0.0195
   -0.0020    0.9993    0.0381
   -0.0194   -0.0381    0.9991

[2020-01-05 21:25:21]迭代次数：1，误差：0.0025677
[2020-01-05 21:25:21]当前旋转矩阵为：
    0.9998    0.0015    0.0201
   -0.0022    0.9994    0.0357
   -0.0201   -0.0357    0.9992

[2020-01-05 21:25:21]迭代次数：1，误差：0.0025722
[2020-01-05 21:25:21]当前旋转矩阵为：
    0.9998    0.0017    0.0187
   -0.0023    0.9995    0.0330
   -0.0186   -0.0330    0.9993

[2020-01-05 21:25:21]迭代次数：1，误差：0.0025766
[2020-01-05 21:25:21]当前旋转矩阵为：
    0.9998    0.0007    0.0180
   -0.0013    0.9995    0.0322
   -0.0179   -0.0322    0.9993

[2020-01-05 21:25:22]迭代次数：1，误差：0.0025808
[2020-01-05 21:25:22]当前旋转矩阵为：
    0.9998    0.0002    0.0180
   -0.0007    0.9995    0.0301
   -0.0179   -0.0302    0.9994

[2020-01-05 21:25:22]迭代次数：1，误差：0.0025845
[2020-01-05 21:25:22]当前旋转矩阵为：
    0.9999    0.0010    0.0170
   -0.0014    0.9996    0.0268
   -0.0170   -0.0268    0.9995

[2020-01-05 21:25:22]迭代次数：1，误差：0.002588
[2020-01-05 21:25:22]当前旋转矩阵为：
    0.9999    0.0008    0.0167
   -0.0013    0.9997    0.0263
   -0.0167   -0.0263    0.9995

[2020-01-05 21:25:23]迭代次数：1，误差：0.0025915
[2020-01-05 21:25:23]当前旋转矩阵为：
    0.9999   -0.0001    0.0152
   -0.0002    0.9997    0.0240
   -0.0152   -0.0240    0.9996

[2020-01-05 21:25:23]迭代次数：1，误差：0.0025946
[2020-01-05 21:25:23]当前旋转矩阵为：
    0.9999   -0.0004    0.0159
    0.0001    0.9997    0.0236
   -0.0159   -0.0236    0.9996

[2020-01-05 21:25:24]迭代次数：1，误差：0.0025978
[2020-01-05 21:25:24]当前旋转矩阵为：
    0.9999   -0.0009    0.0166
    0.0005    0.9997    0.0236
   -0.0167   -0.0236    0.9996

[2020-01-05 21:25:24]迭代次数：1，误差：0.0026007
[2020-01-05 21:25:24]当前旋转矩阵为：
    0.9999   -0.0008    0.0165
    0.0005    0.9998    0.0209
   -0.0165   -0.0209    0.9996

[2020-01-05 21:25:24]迭代次数：1，误差：0.0026034
[2020-01-05 21:25:24]当前旋转矩阵为：
    0.9999   -0.0001    0.0166
   -0.0002    0.9998    0.0191
   -0.0166   -0.0191    0.9997

[2020-01-05 21:25:25]迭代次数：1，误差：0.002606
[2020-01-05 21:25:25]当前旋转矩阵为：
    0.9999   -0.0001    0.0172
   -0.0002    0.9998    0.0180
   -0.0172   -0.0180    0.9997

[2020-01-05 21:25:25]迭代次数：1，误差：0.0026081
[2020-01-05 21:25:25]当前旋转矩阵为：
    0.9999   -0.0003    0.0162
    0.0000    0.9999    0.0148
   -0.0162   -0.0147    0.9998

[2020-01-05 21:25:25]迭代次数：1，误差：0.00261
[2020-01-05 21:25:25]当前旋转矩阵为：
    0.9999   -0.0003    0.0168
    0.0001    0.9999    0.0147
   -0.0168   -0.0146    0.9998

[2020-01-05 21:25:26]迭代次数：1，误差：0.002612
[2020-01-05 21:25:26]当前旋转矩阵为：
    0.9999   -0.0007    0.0165
    0.0004    0.9999    0.0147
   -0.0166   -0.0147    0.9998

[2020-01-05 21:25:26]迭代次数：1，误差：0.0026139
[2020-01-05 21:25:26]当前旋转矩阵为：
    0.9998   -0.0014    0.0176
    0.0011    0.9999    0.0138
   -0.0177   -0.0138    0.9997

[2020-01-05 21:25:26]迭代次数：1，误差：0.0026156
[2020-01-05 21:25:26]当前旋转矩阵为：
    0.9998   -0.0015    0.0187
    0.0013    0.9999    0.0116
   -0.0187   -0.0115    0.9998

[2020-01-05 21:25:27]迭代次数：1，误差：0.0026172
[2020-01-05 21:25:27]当前旋转矩阵为：
    0.9998   -0.0009    0.0178
    0.0007    0.9999    0.0113
   -0.0178   -0.0113    0.9998

[2020-01-05 21:25:27]迭代次数：1，误差：0.0026187
[2020-01-05 21:25:27]当前旋转矩阵为：
    0.9998   -0.0006    0.0187
    0.0005    1.0000    0.0096
   -0.0187   -0.0095    0.9998

[2020-01-05 21:25:27]迭代次数：1，误差：0.00262
[2020-01-05 21:25:27]当前旋转矩阵为：
    0.9998   -0.0022    0.0183
    0.0020    1.0000    0.0091
   -0.0183   -0.0090    0.9998

[2020-01-05 21:25:28]迭代次数：1，误差：0.0026212
[2020-01-05 21:25:28]当前旋转矩阵为：
    0.9999   -0.0017    0.0164
    0.0016    1.0000    0.0081
   -0.0165   -0.0081    0.9998

[2020-01-05 21:25:28]迭代次数：1，误差：0.0026221
[2020-01-05 21:25:28]当前旋转矩阵为：
    0.9999   -0.0015    0.0160
    0.0015    1.0000    0.0053
   -0.0160   -0.0053    0.9999

[2020-01-05 21:25:28]迭代次数：1，误差：0.0026229
[2020-01-05 21:25:28]当前旋转矩阵为：
    0.9999   -0.0007    0.0168
    0.0006    1.0000    0.0040
   -0.0168   -0.0040    0.9999

[2020-01-05 21:25:29]迭代次数：1，误差：0.0026234
[2020-01-05 21:25:29]当前旋转矩阵为：
    0.9998   -0.0013    0.0179
    0.0013    1.0000    0.0031
   -0.0179   -0.0031    0.9998

[2020-01-05 21:25:29]迭代次数：1，误差：0.0026238
[2020-01-05 21:25:29]当前旋转矩阵为：
    0.9999   -0.0022    0.0168
    0.0022    1.0000    0.0012
   -0.0168   -0.0012    0.9999

[2020-01-05 21:25:29]迭代次数：1，误差：0.0026239
[2020-01-05 21:25:29]当前旋转矩阵为：
    0.9998   -0.0018    0.0180
    0.0018    1.0000   -0.0019
   -0.0180    0.0019    0.9998

[2020-01-05 21:25:30]迭代次数：1，误差：0.0026237
[2020-01-05 21:25:30]当前旋转矩阵为：
    0.9998   -0.0018    0.0183
    0.0018    1.0000   -0.0036
   -0.0183    0.0036    0.9998

[2020-01-05 21:25:30]迭代次数：1，误差：0.0026233
[2020-01-05 21:25:30]当前旋转矩阵为：
    0.9998   -0.0025    0.0177
    0.0026    1.0000   -0.0036
   -0.0177    0.0037    0.9998

[2020-01-05 21:25:30]迭代次数：1，误差：0.0026229
[2020-01-05 21:25:30]当前旋转矩阵为：
    0.9999   -0.0021    0.0169
    0.0022    1.0000   -0.0055
   -0.0169    0.0056    0.9998

[2020-01-05 21:25:31]迭代次数：1，误差：0.0026223
[2020-01-05 21:25:31]当前旋转矩阵为：
    0.9998   -0.0027    0.0178
    0.0028    1.0000   -0.0058
   -0.0178    0.0058    0.9998

[2020-01-05 21:25:31]迭代次数：1，误差：0.0026216
[2020-01-05 21:25:31]当前旋转矩阵为：
    0.9999   -0.0036    0.0169
    0.0037    1.0000   -0.0058
   -0.0168    0.0059    0.9998

[2020-01-05 21:25:32]迭代次数：1，误差：0.002621
[2020-01-05 21:25:32]当前旋转矩阵为：
    0.9998   -0.0031    0.0174
    0.0032    1.0000   -0.0056
   -0.0174    0.0056    0.9998

[2020-01-05 21:25:32]迭代次数：1，误差：0.0026202
[2020-01-05 21:25:32]当前旋转矩阵为：
    0.9999   -0.0032    0.0155
    0.0034    1.0000   -0.0070
   -0.0155    0.0070    0.9998

[2020-01-05 21:25:32]迭代次数：1，误差：0.0026194
[2020-01-05 21:25:32]当前旋转矩阵为：
    0.9999   -0.0040    0.0159
    0.0041    1.0000   -0.0061
   -0.0159    0.0062    0.9998

[2020-01-05 21:25:33]迭代次数：1，误差：0.0026188
[2020-01-05 21:25:33]当前旋转矩阵为：
    0.9999   -0.0042    0.0158
    0.0043    1.0000   -0.0067
   -0.0158    0.0068    0.9998

[2020-01-05 21:25:33]迭代次数：1，误差：0.0026179
[2020-01-05 21:25:33]当前旋转矩阵为：
    0.9999   -0.0038    0.0166
    0.0039    1.0000   -0.0074
   -0.0166    0.0075    0.9998

[2020-01-05 21:25:33]迭代次数：1，误差：0.002617
[2020-01-05 21:25:33]当前旋转矩阵为：
    0.9998   -0.0041    0.0174
    0.0042    1.0000   -0.0075
   -0.0174    0.0076    0.9998

[2020-01-05 21:25:34]迭代次数：1，误差：0.0026159
[2020-01-05 21:25:34]当前旋转矩阵为：
    0.9999   -0.0039    0.0165
    0.0041    0.9999   -0.0109
   -0.0165    0.0110    0.9998

[2020-01-05 21:25:34]迭代次数：1，误差：0.0026144
[2020-01-05 21:25:34]当前旋转矩阵为：
    0.9998   -0.0045    0.0169
    0.0047    0.9999   -0.0127
   -0.0168    0.0128    0.9998

[2020-01-05 21:25:34]迭代次数：1，误差：0.0026128
[2020-01-05 21:25:34]当前旋转矩阵为：
    0.9999   -0.0046    0.0162
    0.0048    0.9999   -0.0125
   -0.0162    0.0126    0.9998

[2020-01-05 21:25:35]迭代次数：1，误差：0.0026112
[2020-01-05 21:25:35]当前旋转矩阵为：
    0.9999   -0.0052    0.0149
    0.0054    0.9999   -0.0141
   -0.0148    0.0142    0.9998

[2020-01-05 21:25:35]迭代次数：1，误差：0.0026094
[2020-01-05 21:25:35]当前旋转矩阵为：
    0.9999   -0.0058    0.0147
    0.0060    0.9999   -0.0154
   -0.0146    0.0155    0.9998

[2020-01-05 21:25:35]迭代次数：1，误差：0.0026074
[2020-01-05 21:25:35]当前旋转矩阵为：
    0.9999   -0.0053    0.0154
    0.0056    0.9999   -0.0152
   -0.0153    0.0153    0.9998

[2020-01-05 21:25:36]迭代次数：1，误差：0.0026055
[2020-01-05 21:25:36]当前旋转矩阵为：
    0.9999   -0.0051    0.0157
    0.0054    0.9998   -0.0177
   -0.0156    0.0178    0.9997

[2020-01-05 21:25:36]迭代次数：1，误差：0.0026033
[2020-01-05 21:25:36]当前旋转矩阵为：
    0.9999   -0.0058    0.0155
    0.0061    0.9998   -0.0186
   -0.0154    0.0187    0.9997

[2020-01-05 21:25:36]迭代次数：1，误差：0.0026009
[2020-01-05 21:25:36]当前旋转矩阵为：
    0.9998   -0.0056    0.0174
    0.0059    0.9998   -0.0189
   -0.0173    0.0190    0.9997

[2020-01-05 21:25:37]迭代次数：1，误差：0.0025984
[2020-01-05 21:25:37]当前旋转矩阵为：
    0.9999   -0.0057    0.0162
    0.0060    0.9998   -0.0215
   -0.0161    0.0216    0.9996

[2020-01-05 21:25:37]迭代次数：1，误差：0.0025956
[2020-01-05 21:25:37]当前旋转矩阵为：
    0.9998   -0.0062    0.0166
    0.0066    0.9997   -0.0235
   -0.0164    0.0236    0.9996

[2020-01-05 21:25:37]迭代次数：1，误差：0.0025927
[2020-01-05 21:25:37]当前旋转矩阵为：
    0.9998   -0.0065    0.0165
    0.0068    0.9997   -0.0222
   -0.0163    0.0223    0.9996

[2020-01-05 21:25:38]迭代次数：1，误差：0.0025897
[2020-01-05 21:25:38]当前旋转矩阵为：
    0.9998   -0.0072    0.0164
    0.0076    0.9997   -0.0249
   -0.0162    0.0250    0.9995

[2020-01-05 21:25:38]迭代次数：1，误差：0.0025865
[2020-01-05 21:25:38]当前旋转矩阵为：
    0.9998   -0.0061    0.0170
    0.0066    0.9996   -0.0269
   -0.0168    0.0270    0.9995

[2020-01-05 21:25:39]迭代次数：1，误差：0.002583
[2020-01-05 21:25:39]当前旋转矩阵为：
    0.9998   -0.0066    0.0180
    0.0071    0.9996   -0.0290
   -0.0178    0.0292    0.9994

[2020-01-05 21:25:39]迭代次数：1，误差：0.0025792
[2020-01-05 21:25:39]当前旋转矩阵为：
    0.9998   -0.0065    0.0164
    0.0070    0.9995   -0.0310
   -0.0161    0.0311    0.9994

[2020-01-05 21:25:39]迭代次数：1，误差：0.0025752
[2020-01-05 21:25:39]当前旋转矩阵为：
    0.9999   -0.0061    0.0156
    0.0066    0.9994   -0.0328
   -0.0154    0.0329    0.9993

[2020-01-05 21:25:40]迭代次数：1，误差：0.0025708
[2020-01-05 21:25:40]当前旋转矩阵为：
    0.9999   -0.0064    0.0157
    0.0069    0.9993   -0.0361
   -0.0155    0.0362    0.9992

[2020-01-05 21:25:40]迭代次数：1，误差：0.0025661
[2020-01-05 21:25:40]当前旋转矩阵为：
    0.9999   -0.0068    0.0152
    0.0074    0.9992   -0.0391
   -0.0149    0.0392    0.9991

[2020-01-05 21:25:40]迭代次数：1，误差：0.002561
[2020-01-05 21:25:40]当前旋转矩阵为：
    0.9998   -0.0077    0.0160
    0.0084    0.9991   -0.0409
   -0.0157    0.0411    0.9990

[2020-01-05 21:25:41]迭代次数：1，误差：0.0025558
[2020-01-05 21:25:41]当前旋转矩阵为：
    0.9998   -0.0078    0.0176
    0.0086    0.9991   -0.0426
   -0.0172    0.0427    0.9989

[2020-01-05 21:25:41]迭代次数：1，误差：0.0025503
[2020-01-05 21:25:41]当前旋转矩阵为：
    0.9998   -0.0078    0.0169
    0.0085    0.9991   -0.0427
   -0.0165    0.0429    0.9989

[2020-01-05 21:25:41]迭代次数：1，误差：0.0025448
[2020-01-05 21:25:41]当前旋转矩阵为：
    0.9998   -0.0076    0.0172
    0.0083    0.9990   -0.0437
   -0.0168    0.0439    0.9989

[2020-01-05 21:25:42]迭代次数：1，误差：0.0025391
[2020-01-05 21:25:42]当前旋转矩阵为：
    0.9998   -0.0070    0.0192
    0.0079    0.9990   -0.0449
   -0.0189    0.0450    0.9988

[2020-01-05 21:25:42]迭代次数：1，误差：0.0025332
[2020-01-05 21:25:42]当前旋转矩阵为：
    0.9998   -0.0071    0.0200
    0.0080    0.9989   -0.0469
   -0.0196    0.0470    0.9987

[2020-01-05 21:25:42]迭代次数：1，误差：0.002527
[2020-01-05 21:25:42]当前旋转矩阵为：
    0.9997   -0.0063    0.0229
    0.0074    0.9987   -0.0495
   -0.0226    0.0497    0.9985

[2020-01-05 21:25:43]迭代次数：1，误差：0.0025205
[2020-01-05 21:25:43]当前旋转矩阵为：
    0.9997   -0.0059    0.0235
    0.0071    0.9986   -0.0521
   -0.0231    0.0523    0.9983

[2020-01-05 21:25:43]迭代次数：1，误差：0.0025137
[2020-01-05 21:25:43]当前旋转矩阵为：
    0.9997   -0.0061    0.0250
    0.0075    0.9984   -0.0552
   -0.0247    0.0553    0.9981

[2020-01-05 21:25:43]迭代次数：1，误差：0.0025067
[2020-01-05 21:25:43]当前旋转矩阵为：
    0.9996   -0.0050    0.0263
    0.0064    0.9985   -0.0550
   -0.0260    0.0552    0.9981

[2020-01-05 21:25:44]迭代次数：1，误差：0.0024997
[2020-01-05 21:25:44]当前旋转矩阵为：
    0.9996   -0.0058    0.0269
    0.0073    0.9984   -0.0562
   -0.0265    0.0563    0.9980

[2020-01-05 21:25:44]迭代次数：1，误差：0.0024926
[2020-01-05 21:25:44]当前旋转矩阵为：
    0.9996   -0.0055    0.0271
    0.0071    0.9984   -0.0567
   -0.0268    0.0569    0.9980

[2020-01-05 21:25:44]迭代次数：1，误差：0.0024853
[2020-01-05 21:25:44]当前旋转矩阵为：
    0.9996   -0.0043    0.0295
    0.0060    0.9984   -0.0569
   -0.0292    0.0570    0.9979

[2020-01-05 21:25:45]迭代次数：1，误差：0.002478
[2020-01-05 21:25:45]当前旋转矩阵为：
    0.9995   -0.0050    0.0318
    0.0069    0.9982   -0.0592
   -0.0314    0.0594    0.9977

[2020-01-05 21:25:45]迭代次数：1，误差：0.0024705
[2020-01-05 21:25:45]当前旋转矩阵为：
    0.9995   -0.0049    0.0323
    0.0068    0.9982   -0.0595
   -0.0319    0.0597    0.9977

[2020-01-05 21:25:45]迭代次数：1，误差：0.0024629
[2020-01-05 21:25:45]当前旋转矩阵为：
    0.9994   -0.0043    0.0343
    0.0064    0.9982   -0.0603
   -0.0340    0.0604    0.9976

[2020-01-05 21:25:46]迭代次数：1，误差：0.0024549
[2020-01-05 21:25:46]当前旋转矩阵为：
    0.9994   -0.0041    0.0341
    0.0063    0.9979   -0.0638
   -0.0338    0.0640    0.9974

[2020-01-05 21:25:46]迭代次数：1，误差：0.0024466
[2020-01-05 21:25:46]当前旋转矩阵为：
    0.9993   -0.0037    0.0364
    0.0062    0.9977   -0.0672
   -0.0361    0.0674    0.9971

[2020-01-05 21:25:47]迭代次数：1，误差：0.0024381
[2020-01-05 21:25:47]当前旋转矩阵为：
    0.9993   -0.0033    0.0377
    0.0059    0.9976   -0.0692
   -0.0374    0.0694    0.9969

[2020-01-05 21:25:47]迭代次数：1，误差：0.0024292
[2020-01-05 21:25:47]当前旋转矩阵为：
    0.9992   -0.0014    0.0389
    0.0041    0.9975   -0.0710
   -0.0387    0.0711    0.9967

[2020-01-05 21:25:47]迭代次数：1，误差：0.0024201
[2020-01-05 21:25:47]当前旋转矩阵为：
    0.9992   -0.0015    0.0393
    0.0043    0.9973   -0.0730
   -0.0391    0.0731    0.9966

[2020-01-05 21:25:48]迭代次数：1，误差：0.0024105
[2020-01-05 21:25:48]当前旋转矩阵为：
    0.9992   -0.0014    0.0404
    0.0045    0.9971   -0.0757
   -0.0401    0.0758    0.9963

[2020-01-05 21:25:48]迭代次数：1，误差：0.0024008
[2020-01-05 21:25:48]当前旋转矩阵为：
    0.9992    0.0003    0.0411
    0.0028    0.9971   -0.0766
   -0.0410    0.0766    0.9962

[2020-01-05 21:25:48]迭代次数：1，误差：0.002391
[2020-01-05 21:25:48]当前旋转矩阵为：
    0.9991    0.0010    0.0423
    0.0022    0.9971   -0.0766
   -0.0422    0.0766    0.9962

[2020-01-05 21:25:49]迭代次数：1，误差：0.0023811
[2020-01-05 21:25:49]当前旋转矩阵为：
    0.9991    0.0017    0.0434
    0.0017    0.9969   -0.0787
   -0.0434    0.0787    0.9960

[2020-01-05 21:25:49]迭代次数：1，误差：0.0023709
[2020-01-05 21:25:49]当前旋转矩阵为：
    0.9990    0.0029    0.0446
    0.0007    0.9968   -0.0804
   -0.0447    0.0804    0.9958

[2020-01-05 21:25:49]迭代次数：1，误差：0.0023605
[2020-01-05 21:25:49]当前旋转矩阵为：
    0.9989    0.0033    0.0460
    0.0005    0.9967   -0.0813
   -0.0461    0.0812    0.9956

[2020-01-05 21:25:50]迭代次数：1，误差：0.0023502
[2020-01-05 21:25:50]当前旋转矩阵为：
    0.9989    0.0029    0.0459
    0.0009    0.9966   -0.0822
   -0.0460    0.0821    0.9956

[2020-01-05 21:25:50]迭代次数：1，误差：0.0023396
[2020-01-05 21:25:50]当前旋转矩阵为：
    0.9989    0.0034    0.0465
    0.0005    0.9966   -0.0829
   -0.0466    0.0828    0.9955

